      0/99     10.3G   0.08328   0.07824   0.01365    0.1752       253       640    0.7911    0.7082     0.778    0.3705   0.04968   0.05682  0.008678
      1/99     10.7G   0.05727   0.06491  0.003968    0.1262       747       640    0.8283    0.8562    0.8705    0.5132   0.03793   0.05316  0.003637
      2/99     10.7G   0.05584   0.06355  0.002555    0.1219       590       640    0.8202    0.8201    0.8686    0.4952   0.03927   0.05243  0.003371
      3/99     10.7G   0.05073   0.06212  0.002131     0.115       529       640    0.8198    0.8758    0.9008     0.554   0.03666   0.05231  0.003501
      4/99     14.1G    0.0464   0.06162  0.001698    0.1097       666       640    0.8515    0.8464     0.909    0.5695   0.03654   0.05256   0.00302
      5/99     14.1G    0.0435    0.0602  0.001451    0.1052       456       640    0.8098    0.8735    0.9158    0.5715   0.03459   0.05209  0.002953
      6/99     14.1G     0.042   0.06009  0.001163    0.1032       528       640    0.8262    0.8793    0.9142     0.585   0.03342   0.05105  0.002935
      7/99     14.1G   0.04105   0.05834  0.001103    0.1005       600       640    0.8173    0.8793    0.9141    0.5654   0.03369   0.05104  0.002957
      8/99     14.1G    0.0404   0.05813  0.001002   0.09953       911       640    0.8603    0.8694    0.9261    0.6058   0.03283   0.05091  0.003041
      9/99     14.1G   0.03988   0.05711 0.0009362   0.09793       555       640    0.8124    0.8789     0.921    0.5992    0.0327   0.05116  0.002842
     10/99     14.1G   0.03983   0.05852 0.0008443   0.09919       509       640    0.8296    0.8772    0.9179    0.5929   0.03303   0.05108  0.003079
     11/99     14.1G    0.0391   0.05761  0.000824   0.09754       413       640     0.832    0.8753     0.915    0.5985   0.03277   0.05068  0.002918
     12/99     14.1G   0.03896   0.05745 0.0007877   0.09719       458       640     0.849     0.868    0.9202    0.6007   0.03234   0.05069  0.003121
     13/99     14.1G   0.03881    0.0578 0.0007596   0.09737       400       640    0.8238    0.8786    0.9203    0.5967   0.03251   0.05117  0.002866
     14/99     14.1G   0.03868   0.05711 0.0006528   0.09644       482       640    0.8462    0.8692    0.9125    0.6027   0.03256   0.05055  0.003319
     15/99     14.1G    0.0382   0.05714 0.0006579     0.096       398       640    0.8506     0.863    0.9211    0.6075   0.03231   0.05068  0.003206
     16/99     14.1G   0.03794    0.0559 0.0006222   0.09446       642       640    0.8421    0.8903    0.9277    0.6172   0.03196   0.05037  0.001952
     17/99     14.1G   0.03797    0.0563 0.0005687   0.09485       365       640    0.8103    0.8978    0.9227    0.6175   0.03219   0.05075  0.002883
     18/99     14.1G   0.03768   0.05601 0.0005789   0.09427       552       640    0.8339    0.8928    0.9263    0.6102   0.03232   0.05087  0.002942
     19/99     14.1G   0.03793   0.05602 0.0006385   0.09459       541       640     0.834    0.8707    0.9248    0.6081   0.03214   0.05088  0.002273
     20/99     14.1G   0.03773   0.05618 0.0005583   0.09447       735       640     0.833    0.8872    0.9263    0.6044   0.03247   0.05123  0.002809
     21/99     14.1G   0.03768   0.05649 0.0005425   0.09472       397       640    0.8166    0.8848    0.9288    0.6105   0.03228   0.05134   0.00185
     22/99     14.1G   0.03732   0.05542 0.0005007   0.09325       603       640     0.855    0.8654    0.9251    0.6096   0.03234   0.05069  0.003206
     23/99     14.1G   0.03738   0.05604 0.0004959   0.09391       402       640      0.84    0.8915    0.9284    0.6129     0.032   0.04994  0.002729
     24/99     14.1G   0.03694   0.05484 0.0005427   0.09231       405       640    0.8476    0.8587    0.9248    0.6141   0.03202   0.05089  0.002808
     25/99     14.1G   0.03735   0.05634 0.0005105   0.09421       466       640    0.8258    0.9009    0.9284    0.6124   0.03193   0.05034  0.002207
     26/99       14G   0.03709    0.0555 0.0004824   0.09307       465       640    0.8459    0.8791    0.9278    0.6116   0.03207    0.0507  0.002738
     27/99       14G   0.03691   0.05507 0.0004776   0.09246       569       640    0.8431    0.8837     0.928    0.6146   0.03201   0.05039  0.003049
     28/99       14G   0.03702   0.05624 0.0004628   0.09372       313       640    0.8348    0.8922    0.9341    0.6164   0.03221   0.05063  0.001858
     29/99       14G   0.03673   0.05543 0.0004415   0.09261       290       640    0.8387    0.8921    0.9308    0.6178     0.032   0.05046  0.002225
     30/99       14G   0.03649   0.05476 0.0004196   0.09167       515       640    0.8499     0.879    0.9274    0.6155   0.03193   0.05082  0.002501
     31/99       14G   0.03612   0.05374 0.0004115   0.09027       402       640    0.8624     0.852    0.9306      0.61   0.03202   0.05128  0.002856
     32/99       14G   0.03647   0.05511 0.0004497   0.09203       814       640     0.837    0.8778    0.9317    0.6193   0.03184   0.05095  0.002407
     33/99       14G   0.03642    0.0549 0.0004283   0.09175       354       640    0.8445    0.8745    0.9291    0.6146   0.03188   0.05126  0.002797
     34/99       14G   0.03616   0.05409 0.0003906   0.09064       324       640    0.8392    0.8768    0.9287    0.6191   0.03182   0.05044  0.002876
     35/99       14G   0.03615   0.05427 0.0003889    0.0908       808       640    0.8364     0.881    0.9322    0.6178   0.03197   0.05101  0.002717
     36/99       14G   0.03596   0.05397 0.0004223   0.09035       882       640    0.8307    0.8975    0.9308     0.615   0.03213   0.05073  0.002923
     37/99       14G   0.03591    0.0537 0.0004257   0.09003       416       640    0.8435    0.8793    0.9292    0.6198    0.0319   0.05094  0.002922
     38/99       14G   0.03592   0.05449 0.0003755   0.09078       362       640    0.8417    0.8817    0.9289    0.6151   0.03218   0.05085  0.002782
     39/99       14G   0.03586   0.05507 0.0003612   0.09129       708       640    0.8468    0.8684    0.9294    0.6142    0.0323   0.05151  0.002289
     40/99       14G   0.03568   0.05359 0.0004059   0.08968       461       640    0.8409     0.888    0.9317    0.6203   0.03179   0.05093  0.002183
     41/99       14G   0.03551   0.05356 0.0003993   0.08948       476       640    0.8529    0.8785     0.929    0.6187   0.03198   0.05076  0.002243
     42/99       14G   0.03552   0.05305  0.000334   0.08891       497       640    0.8459    0.8855     0.931    0.6149   0.03212   0.05117  0.002381
     43/99       14G   0.03526   0.05346 0.0003447   0.08906       549       640    0.8381    0.8874    0.9277    0.6157   0.03215   0.05093  0.002995
     44/99       14G   0.03525   0.05332   0.00035   0.08892       387       640    0.8509    0.8715    0.9293    0.6141   0.03207    0.0511  0.002428
     45/99       14G   0.03528   0.05395 0.0003537   0.08958       457       640    0.8359    0.8919    0.9275    0.6139   0.03209   0.05198  0.002724
     46/99       14G   0.03521   0.05306 0.0003236   0.08859       440       640    0.8297    0.8847    0.9291    0.6095   0.03214    0.0516  0.002739
     47/99       14G   0.03512    0.0533 0.0003199   0.08873       430       640    0.8417    0.8898    0.9297    0.6157   0.03195   0.05173  0.002897
     48/99       14G   0.03511   0.05328 0.0003018   0.08869       407       640     0.823    0.8977    0.9282    0.6143   0.03215   0.05157  0.002958
     49/99       14G   0.03481    0.0528 0.0003215   0.08793       466       640    0.8287     0.896    0.9301    0.6122   0.03213   0.05188  0.002405
     50/99       14G   0.03476   0.05251 0.0003268    0.0876       494       640     0.843    0.8886    0.9328    0.6197   0.03181   0.05161  0.002526
     51/99       14G   0.03459    0.0525 0.0003148   0.08741       637       640     0.847    0.8844    0.9323    0.6174   0.03204   0.05169  0.002706
     52/99       14G   0.03444    0.0519  0.000292   0.08663       474       640    0.8416    0.8817    0.9297    0.6149   0.03214   0.05155  0.002829
     53/99       14G   0.03425   0.05158 0.0003075   0.08614       385       640    0.8427    0.8848    0.9309    0.6206   0.03195   0.05186  0.002593
     54/99       14G   0.03442   0.05281 0.0002972   0.08754       826       640    0.8378    0.8893    0.9316    0.6148   0.03219   0.05205  0.002826
     55/99       14G   0.03416   0.05225 0.0002868    0.0867       398       640    0.8321    0.8918    0.9308    0.6175   0.03207   0.05199  0.002843
     56/99       14G   0.03407   0.05194 0.0003063   0.08632       540       640    0.8446    0.8855    0.9318    0.6164   0.03213   0.05207  0.002841
     57/99       14G   0.03415   0.05244 0.0002523   0.08685       558       640    0.8443    0.8751    0.9306    0.6174   0.03213   0.05242  0.002278
     58/99       14G   0.03392    0.0517 0.0002698   0.08589       546       640    0.8289     0.891    0.9326    0.6171   0.03222   0.05242  0.002969
     59/99       14G    0.0338   0.05204 0.0002536    0.0861       691       640    0.8375    0.8905    0.9341    0.6192   0.03208   0.05221  0.002241
     60/99       14G   0.03369   0.05097 0.0003061   0.08496       605       640    0.8408    0.8871    0.9314    0.6178   0.03201   0.05231  0.002388
     61/99       14G   0.03375   0.05172 0.0002556   0.08573       524       640    0.8438     0.886    0.9296    0.6171    0.0321   0.05275   0.00256
     62/99       14G   0.03368   0.05124 0.0002458   0.08517       410       640    0.8346    0.8894    0.9315    0.6175     0.032   0.05259  0.002228
     63/99       14G    0.0334   0.05053 0.0002452   0.08417       415       640     0.842    0.8831     0.931    0.6161   0.03216   0.05246  0.002509
     64/99       14G   0.03336    0.0508 0.0002524   0.08441       477       640    0.8346    0.8891     0.931    0.6169   0.03206   0.05237   0.00188
     65/99       14G   0.03358   0.05194 0.0002351   0.08575       447       640    0.8497    0.8698    0.9303    0.6163    0.0321   0.05293  0.002572
     66/99       14G   0.03337   0.05045 0.0002396   0.08406       757       640    0.8399    0.8827      0.93     0.618   0.03219    0.0528  0.002707
     67/99       14G   0.03315   0.04959 0.0002405   0.08298       370       640     0.837    0.8885    0.9315    0.6149    0.0322   0.05302  0.002987
     68/99       14G   0.03318   0.05108 0.0002359    0.0845       573       640    0.8352    0.8876    0.9312     0.615   0.03217   0.05303  0.003021
     69/99       14G   0.03268   0.04958 0.0002183   0.08248       407       640    0.8426    0.8824    0.9292    0.6143   0.03221   0.05325  0.003027
     70/99       14G    0.0327   0.05031 0.0001955   0.08321       485       640    0.8375    0.8889    0.9292    0.6132   0.03234   0.05332  0.003242
     71/99       14G   0.03261   0.04961 0.0002137   0.08243       464       640    0.8329    0.8917    0.9313    0.6144   0.03232   0.05362  0.002952
     72/99       14G   0.03276   0.05085 0.0002439   0.08386       447       640    0.8464    0.8731    0.9305    0.6135   0.03229   0.05369  0.002816
     73/99       14G   0.03243   0.04957 0.0002352   0.08223       396       640    0.8443    0.8831    0.9315    0.6135   0.03226   0.05339  0.002888
     74/99       14G   0.03248    0.0502 0.0002149   0.08289       324       640    0.8437    0.8862    0.9314     0.613   0.03229   0.05361  0.002804
     75/99       14G   0.03246   0.04986 0.0001894   0.08251       564       640    0.8494    0.8801    0.9294    0.6135   0.03226   0.05377  0.002856
     76/99       14G   0.03236   0.04926 0.0001765   0.08179       437       640      0.84    0.8866    0.9289    0.6134    0.0323   0.05398  0.002924
     77/99       14G   0.03212   0.04897 0.0002205   0.08131       601       640     0.849    0.8754    0.9294     0.611   0.03234   0.05414   0.00321
     78/99       14G   0.03203   0.04846 0.0001904   0.08068       662       640    0.8462    0.8837     0.929    0.6129   0.03234   0.05417  0.003144
     79/99       14G   0.03218   0.04939 0.0001918   0.08175       729       640    0.8378    0.8941    0.9313    0.6151   0.03222   0.05408  0.003103
     80/99       14G   0.03199   0.04969 0.0001977   0.08188       617       640     0.848    0.8773    0.9286    0.6123   0.03225   0.05411  0.003144
     81/99       14G   0.03177   0.04783 0.0001832   0.07978       566       640    0.8489    0.8838    0.9288    0.6127   0.03228   0.05417  0.002973
     82/99       14G   0.03191   0.04878 0.0001744   0.08086       565       640      0.85    0.8762    0.9292    0.6127   0.03233   0.05456  0.002931
     83/99       14G   0.03198   0.04913 0.0002056   0.08132       652       640    0.8356    0.8926    0.9288    0.6115   0.03243   0.05487  0.003021
     84/99       14G   0.03172   0.04872 0.0001845   0.08062       564       640    0.8427    0.8866    0.9291    0.6113   0.03248   0.05486     0.003
     85/99       14G   0.03172   0.04872 0.0001893   0.08063       486       640    0.8383    0.8873    0.9296    0.6123   0.03245    0.0551  0.002947
     86/99       14G   0.03163   0.04832 0.0001741   0.08012       358       640     0.836    0.8905    0.9309    0.6125   0.03241   0.05511   0.00305
     87/99       14G   0.03154   0.04912 0.0001676   0.08083       497       640    0.8407    0.8867    0.9311    0.6116   0.03243   0.05508  0.003021
     88/99       14G   0.03137   0.04771  0.000174   0.07925       544       640    0.8399    0.8875    0.9324    0.6119   0.03245   0.05527  0.002731
     89/99       14G   0.03135   0.04808 0.0001605   0.07958       491       640     0.841     0.879    0.9289    0.6112   0.03246   0.05537  0.002796
     90/99       14G   0.03135   0.04834 0.0001745   0.07987       488       640    0.8439    0.8755    0.9272    0.6103   0.03251   0.05558  0.002787
     91/99       14G   0.03116   0.04783 0.0001771   0.07917       539       640    0.8421    0.8798    0.9284    0.6109   0.03245   0.05566  0.002734
     92/99       14G   0.03145   0.04877 0.0001576   0.08038       401       640    0.8393    0.8826    0.9279    0.6121   0.03245   0.05564  0.002756
     93/99       14G   0.03097   0.04747 0.0001645    0.0786       523       640    0.8337     0.886    0.9286    0.6118   0.03248   0.05561  0.002793
     94/99       14G   0.03102   0.04795 0.0002008   0.07917       371       640    0.8376      0.88     0.929    0.6129   0.03249    0.0557  0.002935
     95/99       14G   0.03094   0.04762 0.0001524   0.07871       496       640    0.8293     0.887    0.9269    0.6131   0.03257   0.05589   0.00304
     96/99       14G   0.03068   0.04676 0.0001475   0.07759       441       640     0.829    0.8894    0.9271     0.612   0.03258   0.05623  0.003073
     97/99       14G   0.03073    0.0466 0.0001674   0.07749       559       640    0.8356    0.8824    0.9264    0.6118   0.03259   0.05646  0.003032
     98/99       14G   0.03067   0.04718 0.0001667   0.07802       616       640    0.8311    0.8846    0.9264    0.6115   0.03259   0.05657  0.002986
     99/99       14G   0.03079   0.04738 0.0001514   0.07832       478       640    0.8324    0.8843    0.9259    0.6114   0.03258    0.0566   0.00297
